[martin@localhost hybridsort]$ ruby -Ilib test/integer.rb 
       user     system      total        real
Threshhold: 1  1.330000   0.020000   1.350000 (  1.357729)
Threshhold: 2  1.330000   0.020000   1.350000 (  1.361674)
Threshhold: 3  1.330000   0.020000   1.350000 (  1.361947)
Threshhold: 4  1.310000   0.040000   1.350000 (  1.350400)
Threshhold: 5  1.300000   0.030000   1.330000 (  1.348730)
Threshhold: 6  1.300000   0.030000   1.330000 (  1.339110)
Threshhold: 7  1.310000   0.010000   1.320000 (  1.331577)
Threshhold: 8  1.290000   0.030000   1.320000 (  1.319461)
Threshhold: 9  1.280000   0.030000   1.310000 (  1.317784)
Threshhold: 10  1.280000   0.020000   1.300000 (  1.312400)
Threshhold: 11  1.270000   0.020000   1.290000 (  1.299465)
Threshhold: 12  1.270000   0.020000   1.290000 (  1.304560)
Threshhold: 13  1.270000   0.020000   1.290000 (  1.290993)
Threshhold: 14  1.260000   0.010000   1.270000 (  1.290985)
Threshhold: 15  1.260000   0.030000   1.290000 (  1.298406)
Threshhold: 16  1.260000   0.030000   1.290000 (  1.291914)
Threshhold: 17  1.260000   0.030000   1.290000 (  1.299755)
Threshhold: 18  1.270000   0.020000   1.290000 (  1.299695)
Threshhold: 19  1.260000   0.030000   1.290000 (  1.300927)
Threshhold: 20  1.270000   0.030000   1.300000 (  1.300414)
Threshhold: 21  1.260000   0.030000   1.290000 (  1.303484)
Threshhold: 22  1.270000   0.020000   1.290000 (  1.306615)
Threshhold: 23  1.270000   0.020000   1.290000 (  1.300867)
Threshhold: 24  1.260000   0.030000   1.290000 (  1.302375)
Threshhold: 25  1.290000   0.020000   1.310000 (  1.313373)
[martin@localhost hybridsort]$ ruby -Ilib test/integer.rb 
       user     system      total        real
Threshhold: 1  1.340000   0.030000   1.370000 (  1.372432)
Threshhold: 2  1.350000   0.010000   1.360000 (  1.378684)
Threshhold: 3  1.330000   0.030000   1.360000 (  1.365739)
Threshhold: 4  1.330000   0.030000   1.360000 (  1.365871)
Threshhold: 5  1.320000   0.020000   1.340000 (  1.356394)
Threshhold: 6  1.330000   0.020000   1.350000 (  1.348926)
Threshhold: 7  1.290000   0.030000   1.320000 (  1.334721)
Threshhold: 8  1.290000   0.030000   1.320000 (  1.327570)
Threshhold: 9  1.290000   0.010000   1.300000 (  1.312368)
Threshhold: 10  1.280000   0.030000   1.310000 (  1.319453)
Threshhold: 11  1.280000   0.030000   1.310000 (  1.316491)
Threshhold: 12  1.280000   0.020000   1.300000 (  1.312311)
Threshhold: 13  1.290000   0.020000   1.310000 (  1.337124)
Threshhold: 14  1.260000   0.020000   1.280000 (  1.296834)
Threshhold: 15  1.260000   0.020000   1.280000 (  1.289526)
Threshhold: 16  1.270000   0.030000   1.300000 (  1.298950)
Threshhold: 17  1.280000   0.010000   1.290000 (  1.310395)
Threshhold: 18  1.280000   0.020000   1.300000 (  1.306576)
Threshhold: 19  1.270000   0.030000   1.300000 (  1.310139)
Threshhold: 20  1.270000   0.020000   1.290000 (  1.304010)
Threshhold: 21  1.270000   0.030000   1.300000 (  1.328516)
Threshhold: 22  1.280000   0.020000   1.300000 (  1.315040)
Threshhold: 23  1.270000   0.030000   1.300000 (  1.303235)
Threshhold: 24  1.280000   0.030000   1.310000 (  1.316046)
Threshhold: 25  1.280000   0.020000   1.300000 (  1.320814)
[martin@localhost hybridsort]$ ruby -Ilib test/integer.rb 
       user     system      total        real
Threshhold: 1  1.320000   0.030000   1.350000 (  1.363540)
Threshhold: 2  1.340000   0.020000   1.360000 (  1.371473)
Threshhold: 3  1.340000   0.020000   1.360000 (  1.365911)
Threshhold: 4  1.320000   0.020000   1.340000 (  1.352016)
Threshhold: 5  1.310000   0.020000   1.330000 (  1.334642)
Threshhold: 6  1.310000   0.010000   1.320000 (  1.337261)
Threshhold: 7  1.290000   0.030000   1.320000 (  1.319160)
Threshhold: 8  1.290000   0.020000   1.310000 (  1.321214)
Threshhold: 9  1.280000   0.020000   1.300000 (  1.311173)
Threshhold: 10  1.280000   0.020000   1.300000 (  1.312330)
Threshhold: 11  1.270000   0.030000   1.300000 (  1.306516)
Threshhold: 12  1.270000   0.030000   1.300000 (  1.303079)
Threshhold: 13  1.270000   0.020000   1.290000 (  1.304592)
Threshhold: 14  1.260000   0.020000   1.280000 (  1.295523)
Threshhold: 15  1.270000   0.030000   1.300000 (  1.307306)
Threshhold: 16  1.270000   0.030000   1.300000 (  1.304011)
Threshhold: 17  1.270000   0.020000   1.290000 (  1.301330)
Threshhold: 18  1.270000   0.020000   1.290000 (  1.301367)
Threshhold: 19  1.270000   0.020000   1.290000 (  1.304733)
Threshhold: 20  1.270000   0.030000   1.300000 (  1.305407)
Threshhold: 21  1.260000   0.030000   1.290000 (  1.299695)
Threshhold: 22  1.270000   0.030000   1.300000 (  1.303479)
Threshhold: 23  1.280000   0.020000   1.300000 (  1.313148)
Threshhold: 24  1.290000   0.020000   1.310000 (  1.314481)
Threshhold: 25  1.270000   0.020000   1.290000 (  1.305688)

------------------------------------------------------------

[martin@localhost hybridsort]$ ruby -Ilib test/string.rb 
       user     system      total        real
Threshhold: 1  3.190000   0.040000   3.230000 (  3.244603)
Threshhold: 2  3.180000   0.040000   3.220000 (  3.268482)
Threshhold: 3  3.150000   0.040000   3.190000 (  3.218329)
Threshhold: 4  3.150000   0.050000   3.200000 (  3.214016)
Threshhold: 5  3.120000   0.050000   3.170000 (  3.199594)
Threshhold: 6  3.110000   0.050000   3.160000 (  3.177134)
Threshhold: 7  3.090000   0.050000   3.140000 (  3.162184)
Threshhold: 8  3.100000   0.040000   3.140000 (  3.187090)
Threshhold: 9  3.100000   0.040000   3.140000 (  3.157827)
Threshhold: 10  3.100000   0.040000   3.140000 (  3.167032)
Threshhold: 11  3.110000   0.030000   3.140000 (  3.160503)
Threshhold: 12  3.100000   0.050000   3.150000 (  3.169903)
Threshhold: 13  3.110000   0.050000   3.160000 (  3.175889)
Threshhold: 14  3.120000   0.040000   3.160000 (  3.179222)
Threshhold: 15  3.110000   0.040000   3.150000 (  3.183110)
Threshhold: 16  3.150000   0.050000   3.200000 (  3.209769)
Threshhold: 17  3.160000   0.040000   3.200000 (  3.230429)
Threshhold: 18  3.300000   0.040000   3.340000 (  3.360626)
Threshhold: 19  3.500000   0.060000   3.560000 (  3.581130)
Threshhold: 20  3.510000   0.050000   3.560000 (  3.594516)
Threshhold: 21  3.560000   0.060000   3.620000 (  3.644772)
Threshhold: 22  3.610000   0.040000   3.650000 (  3.680663)
Threshhold: 23  3.640000   0.050000   3.690000 (  3.723399)
Threshhold: 24  3.750000   0.050000   3.800000 (  3.824810)
Threshhold: 25  3.770000   0.050000   3.820000 (  3.841295)
[martin@localhost hybridsort]$ ruby -Ilib test/string.rb 
       user     system      total        real
Threshhold: 1  3.330000   0.050000   3.380000 (  3.411091)
Threshhold: 2  3.340000   0.040000   3.380000 (  3.407362)
Threshhold: 3  3.330000   0.040000   3.370000 (  3.417653)
Threshhold: 4  3.290000   0.040000   3.330000 (  3.354158)
Threshhold: 5  3.250000   0.040000   3.290000 (  3.324536)
Threshhold: 6  3.240000   0.040000   3.280000 (  3.299452)
Threshhold: 7  3.190000   0.060000   3.250000 (  3.272206)
Threshhold: 8  3.190000   0.040000   3.230000 (  3.256659)
Threshhold: 9  3.190000   0.050000   3.240000 (  3.261853)
Threshhold: 10  3.190000   0.050000   3.240000 (  3.264196)
Threshhold: 11  3.200000   0.040000   3.240000 (  3.264211)
Threshhold: 12  3.200000   0.040000   3.240000 (  3.258097)
Threshhold: 13  3.200000   0.050000   3.250000 (  3.280500)
Threshhold: 14  3.230000   0.040000   3.270000 (  3.286848)
Threshhold: 15  3.220000   0.040000   3.260000 (  3.297541)
Threshhold: 16  3.250000   0.050000   3.300000 (  3.326058)
Threshhold: 17  3.270000   0.050000   3.320000 (  3.334991)
Threshhold: 18  3.290000   0.050000   3.340000 (  3.364240)
Threshhold: 19  3.300000   0.050000   3.350000 (  3.389832)
Threshhold: 20  3.320000   0.040000   3.360000 (  3.383578)
Threshhold: 21  3.350000   0.040000   3.390000 (  3.421905)
Threshhold: 22  3.350000   0.050000   3.400000 (  3.421103)
Threshhold: 23  3.360000   0.050000   3.410000 (  3.435058)
Threshhold: 24  3.420000   0.040000   3.460000 (  3.488875)
Threshhold: 25  3.450000   0.060000   3.510000 (  3.532277)
[martin@localhost hybridsort]$ ruby -Ilib test/string.rb 
       user     system      total        real
Threshhold: 1  3.350000   0.060000   3.410000 (  3.424618)
Threshhold: 2  3.340000   0.050000   3.390000 (  3.423828)
Threshhold: 3  3.340000   0.050000   3.390000 (  3.405687)
Threshhold: 4  3.310000   0.030000   3.340000 (  3.380544)
Threshhold: 5  3.260000   0.080000   3.340000 (  3.354703)
Threshhold: 6  3.260000   0.050000   3.310000 (  3.339213)
Threshhold: 7  3.260000   0.050000   3.310000 (  3.336549)
Threshhold: 8  3.240000   0.060000   3.300000 (  3.328107)
Threshhold: 9  3.260000   0.050000   3.310000 (  3.333292)
Threshhold: 10  3.260000   0.050000   3.310000 (  3.338822)
Threshhold: 11  3.260000   0.050000   3.310000 (  3.340449)
Threshhold: 12  3.280000   0.050000   3.330000 (  3.351339)
Threshhold: 13  3.310000   0.030000   3.340000 (  3.357217)
Threshhold: 14  3.310000   0.040000   3.350000 (  3.373040)
Threshhold: 15  3.320000   0.040000   3.360000 (  3.387404)
Threshhold: 16  3.330000   0.050000   3.380000 (  3.405873)
Threshhold: 17  3.350000   0.040000   3.390000 (  3.423858)
Threshhold: 18  3.390000   0.040000   3.430000 (  3.449241)
Threshhold: 19  3.380000   0.050000   3.430000 (  3.461558)
Threshhold: 20  3.410000   0.040000   3.450000 (  3.477602)
Threshhold: 21  3.430000   0.060000   3.490000 (  3.509135)
Threshhold: 22  3.440000   0.050000   3.490000 (  3.514386)
Threshhold: 23  3.470000   0.040000   3.510000 (  3.535657)
Threshhold: 24  3.510000   0.070000   3.580000 (  3.607549)
Threshhold: 25  3.560000   0.040000   3.600000 (  3.625573)

-----------------------------------------------------------

[martin@localhost hybridsort]$ ruby -Ilib test/symbol.rb 
       user     system      total        real
Threshhold: 1  3.440000   0.000000   3.440000 (  3.476915)
Threshhold: 2  3.420000   0.000000   3.420000 (  3.458055)
Threshhold: 3  3.390000   0.000000   3.390000 (  3.422609)
Threshhold: 4  3.370000   0.000000   3.370000 (  3.395902)
Threshhold: 5  3.340000   0.000000   3.340000 (  3.369668)
Threshhold: 6  3.330000   0.000000   3.330000 (  3.359904)
Threshhold: 7  3.320000   0.000000   3.320000 (  3.351718)
Threshhold: 8  3.330000   0.000000   3.330000 (  3.360182)
Threshhold: 9  3.340000   0.000000   3.340000 (  3.371674)
Threshhold: 10  3.330000   0.000000   3.330000 (  3.370633)
Threshhold: 11  3.350000   0.000000   3.350000 (  3.377738)
Threshhold: 12  3.340000   0.000000   3.340000 (  3.375737)
Threshhold: 13  3.350000   0.000000   3.350000 (  3.383084)
Threshhold: 14  3.370000   0.010000   3.380000 (  3.405362)
Threshhold: 15  3.380000   0.000000   3.380000 (  3.418159)
Threshhold: 16  3.450000   0.000000   3.450000 (  3.477759)
Threshhold: 17  3.450000   0.000000   3.450000 (  3.487609)
Threshhold: 18  3.500000   0.000000   3.500000 (  3.530716)
Threshhold: 19  3.550000   0.010000   3.560000 (  3.592623)
Threshhold: 20  3.580000   0.000000   3.580000 (  3.614565)
Threshhold: 21  3.600000   0.000000   3.600000 (  3.638672)
Threshhold: 22  3.640000   0.010000   3.650000 (  3.674743)
Threshhold: 23  3.670000   0.000000   3.670000 (  3.698854)
Threshhold: 24  3.720000   0.000000   3.720000 (  3.765446)
Threshhold: 25  3.780000   0.000000   3.780000 (  3.811243)
[martin@localhost hybridsort]$ ruby -Ilib test/symbol.rb 
       user     system      total        real
Threshhold: 1  3.380000   0.010000   3.390000 (  3.414759)
Threshhold: 2  3.380000   0.000000   3.380000 (  3.415562)
Threshhold: 3  3.340000   0.000000   3.340000 (  3.381574)
Threshhold: 4  3.310000   0.000000   3.310000 (  3.339618)
Threshhold: 5  3.300000   0.010000   3.310000 (  3.328844)
Threshhold: 6  3.290000   0.000000   3.290000 (  3.331496)
Threshhold: 7  3.300000   0.000000   3.300000 (  3.328110)
Threshhold: 8  3.290000   0.010000   3.300000 (  3.326013)
Threshhold: 9  3.300000   0.000000   3.300000 (  3.335267)
Threshhold: 10  3.310000   0.000000   3.310000 (  3.347536)
Threshhold: 11  3.330000   0.000000   3.330000 (  3.363409)
Threshhold: 12  3.340000   0.000000   3.340000 (  3.377169)
Threshhold: 13  3.370000   0.010000   3.380000 (  3.396283)
Threshhold: 14  3.370000   0.000000   3.370000 (  3.407745)
Threshhold: 15  3.400000   0.010000   3.410000 (  3.440418)
Threshhold: 16  3.410000   0.000000   3.410000 (  3.445046)
Threshhold: 17  3.410000   0.000000   3.410000 (  3.450736)
Threshhold: 18  3.470000   0.000000   3.470000 (  3.498108)
Threshhold: 19  3.470000   0.010000   3.480000 (  3.516297)
Threshhold: 20  3.500000   0.000000   3.500000 (  3.530996)
Threshhold: 21  3.530000   0.000000   3.530000 (  3.564461)
Threshhold: 22  3.550000   0.010000   3.560000 (  3.594005)
Threshhold: 23  3.560000   0.000000   3.560000 (  3.597410)
Threshhold: 24  3.600000   0.000000   3.600000 (  3.639766)
Threshhold: 25  3.670000   0.000000   3.670000 (  3.706436)
[martin@localhost hybridsort]$ ruby -Ilib test/symbol.rb 
       user     system      total        real
Threshhold: 1  3.410000   0.000000   3.410000 (  3.442224)
Threshhold: 2  3.410000   0.010000   3.420000 (  3.443170)
Threshhold: 3  3.380000   0.000000   3.380000 (  3.415721)
Threshhold: 4  3.240000   0.000000   3.240000 (  3.273170)
Threshhold: 5  3.200000   0.000000   3.200000 (  3.224882)
Threshhold: 6  3.190000   0.000000   3.190000 (  3.216907)
Threshhold: 7  3.170000   0.010000   3.180000 (  3.206887)
Threshhold: 8  3.180000   0.000000   3.180000 (  3.204695)
Threshhold: 9  3.180000   0.000000   3.180000 (  3.209836)
Threshhold: 10  3.220000   0.000000   3.220000 (  3.246238)
Threshhold: 11  3.230000   0.000000   3.230000 (  3.286906)
Threshhold: 12  3.250000   0.010000   3.260000 (  3.300948)
Threshhold: 13  3.250000   0.000000   3.250000 (  3.285894)
Threshhold: 14  3.270000   0.000000   3.270000 (  3.292600)
Threshhold: 15  3.290000   0.000000   3.290000 (  3.324457)
Threshhold: 16  3.330000   0.000000   3.330000 (  3.360330)
Threshhold: 17  3.350000   0.010000   3.360000 (  3.382763)
Threshhold: 18  3.400000   0.000000   3.400000 (  3.421465)
Threshhold: 19  3.400000   0.000000   3.400000 (  3.440686)
Threshhold: 20  3.420000   0.000000   3.420000 (  3.449779)
Threshhold: 21  3.450000   0.000000   3.450000 (  3.474448)
Threshhold: 22  3.500000   0.000000   3.500000 (  3.533990)
Threshhold: 23  3.620000   0.010000   3.630000 (  3.652102)
Threshhold: 24  3.680000   0.000000   3.680000 (  3.711160)
Threshhold: 25  3.670000   0.000000   3.670000 (  3.711895)




